5.71634593875606
2.8467621838144
180.12579948714
5.71637785122708
2.8468112673706
0.12635915041
5.71572924838285
0.002149235274
179.986957233
5.71574181910893
0.0022042083173
-0.01321720205
5.71598404216931
-2.8424294700399
179.84222949721
5.71458650332575
-2.84106657375
-0.08945975704
2.85589828564077
5.7135967471716
90.13877336351
2.85661771779545
5.7137030834581
270.1348627573
2.85793036086433
2.8571389200635
180.0710942009
2.85786165193792
2.8572223839898
0.07262541328
2.85763080583287
0.0017082321668
179.99142921915
2.85758630311268
0.0017098707064
-0.01226695599
2.85670608494197
-2.8543656651502
269.91661947119
2.85671548358862
-2.8544266746374
89.91684982551
2.85803532299648
-5.7100299642594
269.77524046618
2.85674855226678
-5.7090081407458
89.83291996139
-0.002872441921
5.7199380507171
90.00027968667
-0.00279722976877
5.7201301020967
269.99793958894
-0.00275849312891
2.8616925769576
89.9997624258
-0.00272154515301
2.8616625118662
269.99764888608
-0.00227436058436
0.0020806442765
89.98655501313
-0.00135651369259
0.0021295361543
269.98740720722
-0.00265755411984
-2.857277124971
269.97780968487
-0.00274686979119
-2.8571025848967
89.97938088429
-0.00224647152293
-5.7161095749244
270.00547348751
-0.00236992402289
-5.7161808328531
90.00340173709
-2.86084141794302
5.7127674889897
89.84761485073
-2.86105220775778
5.7128556429369
269.84535855463
-2.86240356944043
2.8577422994623
89.93197270395
-2.86150138263133
2.8576849295013
269.93353130637
-2.86233710820005
0.001534244027
0.01260424414
-2.86234300949452
0.0015281496018
180.0118728845
-2.86282408039477
-2.8538139533388
0.05904384605
-2.86278274082666
-2.853832851341
180.0606969651
-2.86164281590742
-5.7098070833474
270.14272004045
-2.86306475207819
-5.7086769434933
90.08496073987
-5.7206981139875
2.8466968667706
-0.13388521526
-5.72074491116164
2.8469175929213
179.86371927528
-5.72088127859393
0.0017830946964
-0.0140450903
-5.7211199258744
0.001945473541
179.98494586133
-5.72231083273737
-2.8432812783603
0.11488502066
-5.72093391699971
-2.8428002879379
180.12558866021
-0.0054
40.38896
2.43919
-0.02789
37.47266
-2.2981
-0.00677
37.7427
1.69278
0.00203
37.08065
-0.61181
0.04963
37.83317
0.67468
-0.0589
39.8803
0.60112
-0.01208
37.02534
0.7885
-0.016
39.81689
-0.89545
0.03726
39.79497
1.39803
-0.01928
35.37856
-0.14501
0.00814
38.00031
1.31946
-0.01825
37.89786
-0.87843
-0.05113
38.70468
1.213
0.00754
37.09967
-0.64806
0.02746
39.87765
0.3793
-0.03317
36.03914
-0.22458
-0.01514
39.13289
0.16309
-0.00731
38.0426
-0.55602
-0.00407
37.05139
0.25807
-0.01971
37.75357
0.36864
0.04503
37.55141
-0.68608
0.03818
37.82782
0.05873
-0.04545
39.63746
0.77143
-0.00438
37.94519
-0.93808
0.00852
38.28699
1.31147
-0.00908
38.07401
-1.12547
0.00533
37.37255
2.3162
0.00337
37.09931
-1.05059
-0.0026
37.88102
0.36544
0.00327
37.33139
-0.42545
0.0205
38.75998
-0.56909
-0.02936
38.24879
-0.01055
0.01456
39.91342
-0.23958
-0.00597
38.31758
-0.49553
-0.00872
37.90025
0.38379
0.01572
39.84887
-1.32037
0.025
36.97141
0.17216
0.01718
37.20423
-0.01043
0.02684
38.94127
0.60935
-0.00249
37.41979
-1.03399
0.03646
39.72337
0.67074
0.00517
38.37851
-1.39885
3.97932401147729
3.97932401147729
3.97916132552078
3.97916132552078
3.97922478570103
3.97922478570103
3.97950497975176
3.97950497975176
3.97945168685096
3.97945168685096
3.97941499428335
3.97941499428335
3.97919725729537
3.97919725729537
3.97945633005246
3.97945633005246
3.9789931575505
3.9789931575505
3.97912691554193
3.97912691554193
3.97888210503519
3.97888210503519
3.9790030387613
3.9790030387613
3.97913331081045
3.97913331081045
3.97923834807561
3.97923834807561
3.97932723529843
3.97932723529843
3.97936532482097
3.97936532482097
3.97902136308477
3.97902136308477
3.97902436832122
3.97902436832122
3.97910949902263
3.97910949902263
3.9791224411001
3.9791224411001
3.9790453199873
3.9790453199873
3.9791798013743
3.9791798013743
3.97949630377375
3.97949630377375
3.97967183081547
3.97967183081547
3.97924596455946
3.97924596455946
3.97937599928986
3.97937599928986
3.97897491837634
3.97897491837634
3.97910747698119
3.97910747698119
3.97915760775482
3.97915760775482
3.9794093086192
3.9794093086192
3.97885935872925
3.97885935872925
3.97920851477626
3.97920851477626
3.97900462456227
3.97900462456227
3.97906725117501
3.97906725117501
3.97954209648359
3.97954209648359
3.97976813337792
3.97976813337792
3.97930707903707
3.97930707903707
3.97928340957249
3.97928340957249
3.97926829222646
3.97926829222646
3.97933980568015
3.97933980568015
3.97943253253111
3.97943253253111
3.97987649798386
3.97987649798386
2.72667282847624e-11
2.72667282847624e-11
2.43086178793068e-11
2.43086178793068e-11
2.74302708232532e-11
2.74302708232532e-11
2.58460412211532e-11
2.58460412211532e-11
2.50187894251887e-11
2.50187894251887e-11
2.88758923735055e-11
2.88758923735055e-11
2.69446362657592e-11
2.69446362657592e-11
2.63004821893996e-11
2.63004821893996e-11
2.58585801069781e-11
2.58585801069781e-11
2.52355579775347e-11
2.52355579775347e-11
2.38002283034047e-11
2.38002283034047e-11
2.70242325831106e-11
2.70242325831106e-11
2.58273264226477e-11
2.58273264226477e-11
2.81540968137587e-11
2.81540968137587e-11
2.51628463502606e-11
2.51628463502606e-11
2.63252973614859e-11
2.63252973614859e-11
2.57617444290155e-11
2.57617444290155e-11
2.32948755929166e-11
2.32948755929166e-11
2.58144809084657e-11
2.58144809084657e-11
2.53623685361159e-11
2.53623685361159e-11
2.6502322991917e-11
2.6502322991917e-11
2.74890987199738e-11
2.74890987199738e-11
2.57447171719984e-11
2.57447171719984e-11
2.96533220845448e-11
2.96533220845448e-11
2.60456195303298e-11
2.60456195303298e-11
2.59349277281947e-11
2.59349277281947e-11
2.64628735413949e-11
2.64628735413949e-11
2.50167563191853e-11
2.50167563191853e-11
2.67278713123769e-11
2.67278713123769e-11
2.58869090606269e-11
2.58869090606269e-11
2.53031427316904e-11
2.53031427316904e-11
2.7070572618093e-11
2.7070572618093e-11
2.64661298361974e-11
2.64661298361974e-11
2.68375244201979e-11
2.68375244201979e-11
2.44326501604225e-11
2.44326501604225e-11
2.75241724697565e-11
2.75241724697565e-11
2.6733489877572e-11
2.6733489877572e-11
2.48427219281435e-11
2.48427219281435e-11
2.45560569218587e-11
2.45560569218587e-11
2.54675977817415e-11
2.54675977817415e-11
2.54904884208486e-11
2.54904884208486e-11
2.71646687230577e-11
2.71646687230577e-11
