54943.152
54943.652
54944.152
54944.652
54945.152
54945.652
54946.152
54946.652
54947.152
54947.652
54948.152
54948.652
54949.152
54949.652
54950.152
54950.652
54951.152
54951.652
54952.152
54952.652
54953.152
54953.652
54954.152
54954.652
54955.152
54955.652
54956.152
54956.652
54957.152
54957.652
54958.152
54958.652
54959.152
54959.652
54960.152
54960.652
54961.152
54961.652
54962.152
54962.652
54963.152
54963.652
54964.152
54964.652
54965.152
54965.652
54966.152
54966.652
54967.152
54967.652
54968.152
54968.652
54969.152
54969.652
54970.152
54970.652
54971.152
54971.652
54972.152
54972.652
54973.152
54973.652
54974.152
54974.652
54975.152
54975.652
54976.152
54976.652
54977.152
54977.652
54978.152
54978.652
54979.152
54979.652
54980.152
54980.652
54981.152
54981.652
54982.152
54982.652
54983.152
54983.652
54984.152
54984.652
54985.152
54985.652
54986.152
54986.652
54987.152
54987.652
54988.152
54988.652
54989.152
54989.652
54990.152
54990.652
54991.152
54991.652
54992.152
54992.652
54993.152
54993.652
54994.152
54994.652
54995.152
54995.652
54996.152
54996.652
54997.152
54997.652
54998.152
54998.652
54999.152
54999.652
55000.152
55000.652
55001.152
55001.652
55002.152
55002.652
55003.152
55003.652
55004.152
55004.652
55005.152
55005.652
55006.152
55006.652
55007.152
55007.652
55008.152
55008.652
55009.152
55009.652
55010.152
55010.652
55011.152
55011.652
55012.152
55012.652
55013.152
55013.652
55014.152
55014.652
55015.152
55015.652
55016.152
55016.652
55017.152
55017.652
55018.152
55018.652
55019.152
55019.652
55020.152
55020.652
55021.152
55021.652
55022.152
55022.652
55023.152
55023.652
55024.152
55024.652
55025.152
55025.652
55026.152
55026.652
55027.152
55027.652
55028.152
55028.652
55029.152
55029.652
55030.152
55030.652
55031.152
55031.652
55032.152
55032.652
55033.152
55033.652
55034.152
55034.652
55035.152
55035.652
55036.152
55036.652
55037.152
55037.652
55038.152
55038.652
55039.152
55039.652
55040.152
55040.652
55041.152
55041.652
55042.152
55042.652
55043.152
55043.652
55044.152
55044.652
55045.152
55045.652
55046.152
55046.652
55047.152
55047.652
55048.152
55048.652
55049.152
55049.652
55050.152
55050.652
55051.152
55051.652
55052.152
55052.652
55053.152
55053.652
55054.152
55054.652
55055.152
55055.652
55056.152
55056.652
55057.152
55057.652
55058.152
55058.652
55059.152
55059.652
55060.152
55060.652
55061.152
55061.652
55062.152
55062.652
55063.152
55063.652
55064.152
55064.652
55065.152
55065.652
55066.152
55066.652
55067.152
55067.652
55068.152
55068.652
55069.152
55069.652
55070.152
55070.652
55071.152
55071.652
55072.152
55072.652
55073.152
55073.652
55074.152
55074.652
55075.152
55075.652
55076.152
55076.652
55077.152
55077.652
55078.152
55078.652
55079.152
55079.652
55080.152
55080.652
55081.152
55081.652
55082.152
55082.652
55083.152
55083.652
55084.152
55084.652
55085.152
55085.652
55086.152
55086.652
55087.152
55087.652
55088.152
55088.652
55089.152
55089.652
55090.152
55090.652
55091.152
55091.652
55092.152
55092.652
55093.152
55093.652
55094.152
55094.652
55095.152
55095.652
55096.152
55096.652
55097.152
55097.652
55098.152
55098.652
55099.152
55099.652
55100.152
55100.652
55101.152
55101.652
55102.152
55102.652
55103.152
55103.652
55104.152
55104.652
55105.152
55105.652
55106.152
55106.652
55107.152
55107.652
55108.152
55108.652
55109.152
55109.652
55110.152
55110.652
55111.152
55111.652
55112.152
55112.652
55113.152
55113.652
55114.152
55114.652
55115.152
55115.652
55116.152
55116.652
55117.152
55117.652
55118.152
55118.652
55119.152
55119.652
55120.152
55120.652
55121.152
55121.652
55122.152
55122.652
55123.152
55123.652
55124.152
55124.652
55125.152
55125.652
55126.152
55126.652
55127.152
55127.652
55128.152
55128.652
55129.152
55129.652
55130.152
55130.652
55131.152
55131.652
55132.152
55132.652
55133.152
55133.652
55134.152
55134.652
55135.152
55135.652
55136.152
55136.652
55137.152
55137.652
55138.152
55138.652
55139.152
55139.652
55140.152
55140.652
55141.152
55141.652
55142.152
55142.652
55143.152
55143.652
55144.152
55144.652
55145.152
55145.652
55146.152
55146.652
55147.152
55147.652
55148.152
55148.652
55149.152
55149.652
55150.152
55150.652
55151.152
55151.652
55152.152
55152.652
55153.152
55153.652
55154.152
55154.652
55155.152
55155.652
55156.152
55156.652
55157.152
55157.652
55158.152
55158.652
55159.152
55159.652
55160.152
55160.652
55161.152
55161.652
55162.152
55162.652
55163.152
55163.652
55164.152
55164.652
55165.152
55165.652
55166.152
55166.652
55167.152
55167.652
55168.152
55168.652
55169.152
55169.652
55170.152
55170.652
55171.152
55171.652
55172.152
55172.652
55173.152
55173.652
55174.152
55174.652
55175.152
55175.652
55176.152
55176.652
55177.152
55177.652
55178.152
55178.652
55179.152
55179.652
55180.152
55180.652
55181.152
55181.652
55182.152
55182.652
55183.152
55183.652
55184.152
55184.652
55185.152
55185.652
55186.152
55186.652
55187.152
55187.652
55188.152
55188.652
55189.152
55189.652
55190.152
55190.652
55191.152
55191.652
55192.152
55192.652
55193.152
55193.652
55194.152
55194.652
55195.152
55195.652
55196.152
55196.652
55197.152
55197.652
55198.152
55198.652
55199.152
55199.652
55200.152
55200.652
55201.152
55201.652
55202.152
55202.652
55203.152
55203.652
55204.152
55204.652
55205.152
55205.652
55206.152
55206.652
55207.152
55207.652
55208.152
55208.652
55209.152
55209.652
55210.152
55210.652
55211.152
55211.652
55212.152
55212.652
55213.152
55213.652
55214.152
55214.652
55215.152
55215.652
55216.152
55216.652
55217.152
55217.652
55218.152
55218.652
55219.152
55219.652
55220.152
55220.652
55221.152
55221.652
55222.152
55222.652
55223.152
55223.652
55224.152
55224.652
55225.152
55225.652
55226.152
55226.652
55227.152
55227.652
55228.152
55228.652
55229.152
55229.652
55230.152
55230.652
55231.152
55231.652
55232.152
55232.652
55233.152
55233.652
55234.152
55234.652
55235.152
55235.652
55236.152
55236.652
55237.152
55237.652
55238.152
55238.652
55239.152
55239.652
55240.152
55240.652
55241.152
55241.652
55242.152
55242.652
55243.152
55243.652
55244.152
55244.652
55245.152
55245.652
55246.152
55246.652
55247.152
55247.652
55248.152
55248.652
55249.152
55249.652
55250.152
55250.652
55251.152
55251.652
55252.152
55252.652
55253.152
55253.652
55254.152
55254.652
55255.152
55255.652
55256.152
55256.652
55257.152
55257.652
55258.152
55258.652
55259.152
55259.652
55260.152
55260.652
55261.152
55261.652
55262.152
55262.652
55263.152
55263.652
55264.152
55264.652
55265.152
55265.652
55266.152
55266.652
55267.152
55267.652
55268.152
55268.652
55269.152
55269.652
55270.152
55270.652
55271.152
55271.652
55272.152
55272.652
55273.152
55273.652
55274.152
55274.652
55275.152
55275.652
55276.152
55276.652
55277.152
55277.652
55278.152
55278.652
55279.152
55279.652
55280.152
55280.652
55281.152
55281.652
55282.152
55282.652
55283.152
55283.652
55284.152
55284.652
55285.152
55285.652
55286.152
55286.652
55287.152
55287.652
55288.152
55288.652
55289.152
55289.652
55290.152
55290.652
55291.152
55291.652
55292.152
55292.652
55293.152
55293.652
55294.152
55294.652
55295.152
55295.652
55296.152
55296.652
55297.152
55297.652
55298.152
55298.652
55299.152
55299.652
55300.152
55300.652
55301.152
55301.652
55302.152
55302.652
55303.152
55303.652
55304.152
55304.652
55305.152
55305.652
55306.152
55306.652
55307.152
55307.652
55308.152
55308.652
55309.152
55309.652
55310.152
55310.652
55311.152
55311.652
55312.152
55312.652
55313.152
55313.652
55314.152
55314.652
55315.152
55315.652
55316.152
55316.652
55317.152
55317.652
55318.152
55318.652
55319.152
55319.652
55320.152
55320.652
55321.152
55321.652
55322.152
55322.652
55323.152
55323.652
55324.152
55324.652
55325.152
55325.652
55326.152
55326.652
55327.152
55327.652
55328.152
55328.652
55329.152
55329.652
55330.152
55330.652
55331.152
55331.652
55332.152
55332.652
55333.152
55333.652
55334.152
55334.652
55335.152
55335.652
55336.152
55336.652
55337.152
55337.652
55338.152
55338.652
55339.152
55339.652
55340.152
55340.652
55341.152
55341.652
55342.152
55342.652
55343.152
55343.652
55344.152
55344.652
55345.152
55345.652
55346.152
55346.652
55347.152
55347.652
55348.152
55348.652
55349.152
55349.652
55350.152
55350.652
55351.152
55351.652
55352.152
55352.652
55353.152
55353.652
55354.152
55354.652
55355.152
55355.652
55356.152
55356.652
55357.152
55357.652
55358.152
55358.652
55359.152
55359.652
55360.152
55360.652
55361.152
55361.652
55362.152
55362.652
55363.152
55363.652
55364.152
55364.652
55365.152
55365.652
55366.152
55366.652
55367.152
55367.652
55368.152
55368.652
55369.152
55369.652
55370.152
55370.652
55371.152
55371.652
55372.152
55372.652
55373.152
55373.652
55374.152
55374.652
55375.152
55375.652
55376.152
55376.652
55377.152
55377.652
55378.152
55378.652
55379.152
55379.652
55380.152
55380.652
55381.152
55381.652
55382.152
55382.652
55383.152
55383.652
55384.152
55384.652
55385.152
55385.652
55386.152
55386.652
55387.152
55387.652
55388.152
55388.652
55389.152
55389.652
55390.152
55390.652
55391.152
55391.652
55392.152
55392.652
55393.152
55393.652
55394.152
55394.652
55395.152
55395.652
55396.152
55396.652
55397.152
55397.652
55398.152
55398.652
55399.152
55399.652
55400.152
55400.652
55401.152
55401.652
55402.152
55402.652
55403.152
55403.652
55404.152
55404.652
55405.152
55405.652
55406.152
55406.652
55407.152
55407.652
55408.152
55408.652
55409.152
55409.652
55410.152
55410.652
55411.152
55411.652
55412.152
55412.652
55413.152
55413.652
55414.152
55414.652
55415.152
55415.652
55416.152
55416.652
55417.152
55417.652
55418.152
55418.652
55419.152
55419.652
55420.152
55420.652
55421.152
55421.652
55422.152
55422.652
55423.152
55423.652
55424.152
55424.652
55425.152
55425.652
55426.152
55426.652
55427.152
55427.652
55428.152
55428.652
55429.152
55429.652
55430.152
55430.652
55431.152
55431.652
55432.152
55432.652
55433.152
55433.652
55434.152
55434.652
55435.152
55435.652
55436.152
55436.652
55437.152
55437.652
55438.152
55438.652
55439.152
55439.652
55440.152
55440.652
55441.152
55441.652
55442.152
55442.652
55443.152
55443.652
55444.152
55444.652
55445.152
55445.652
55446.152
55446.652
55447.152
55447.652
55448.152
55448.652
55449.152
55449.652
55450.152
55450.652
55451.152
55451.652
55452.152
55452.652
55453.152
55453.652
55454.152
55454.652
55455.152
55455.652
55456.152
55456.652
55457.152
55457.652
55458.152
55458.652
55459.152
55459.652
55460.152
55460.652
55461.152
55461.652
55462.152
55462.652
55463.152
55463.652
55464.152
55464.652
55465.152
55465.652
55466.152
55466.652
55467.152
55467.652
55468.152
55468.652
55469.152
55469.652
55470.152
55470.652
55471.152
55471.652
55472.152
55472.652
55473.152
55473.652
55474.152
55474.652
55475.152
55475.652
55476.152
55476.652
55477.152
55477.652
55478.152
55478.652
55479.152
55479.652
55480.152
55480.652
55481.152
55481.652
55482.152
55482.652
55483.152
55483.652
55484.152
55484.652
55485.152
55485.652
55486.152
55486.652
55487.152
55487.652
55488.152
55488.652
55489.152
55489.652
55490.152
55490.652
55491.152
55491.652
55492.152
55492.652
55493.152
55493.652
55494.152
55494.652
55495.152
55495.652
55496.152
55496.652
55497.152
55497.652
55498.152
55498.652
55499.152
55499.652
55500.152
55500.652
55501.152
55501.652
55502.152
55502.652
55503.152
55503.652
55504.152
55504.652
55505.152
55505.652
55506.152
55506.652
55507.152
55507.652
55508.152
55508.652
55509.152
55509.652
55510.152
55510.652
55511.152
55511.652
55512.152
55512.652
55513.152
55513.652
55514.152
55514.652
55515.152
55515.652
55516.152
55516.652
55517.152
55517.652
55518.152
55518.652
55519.152
55519.652
55520.152
55520.652
55521.152
55521.652
55522.152
55522.652
55523.152
55523.652
55524.152
55524.652
55525.152
55525.652
55526.152
55526.652
55527.152
55527.652
55528.152
55528.652
55529.152
55529.652
55530.152
55530.652
55531.152
55531.652
55532.152
55532.652
55533.152
55533.652
55534.152
55534.652
55535.152
55535.652
55536.152
55536.652
55537.152
55537.652
55538.152
55538.652
55539.152
55539.652
55540.152
55540.652
55541.152
55541.652
55542.152
55542.652
55543.152
55543.652
55544.152
55544.652
55545.152
55545.652
55546.152
55546.652
55547.152
55547.652
55548.152
55548.652
55549.152
55549.652
55550.152
55550.652
55551.152
55551.652
55552.152
55552.652
55553.152
55553.652
55554.152
55554.652
55555.152
55555.652
55556.152
55556.652
55557.152
55557.652
55558.152
55558.652
55559.152
55559.652
55560.152
55560.652
55561.152
55561.652
55562.152
55562.652
55563.152
55563.652
55564.152
55564.652
55565.152
55565.652
55566.152
55566.652
55567.152
55567.652
55568.152
55568.652
55569.152
55569.652
55570.152
55570.652
55571.152
55571.652
55572.152
55572.652
55573.152
55573.652
55574.152
55574.652
55575.152
55575.652
55576.152
55576.652
55577.152
55577.652
55578.152
55578.652
55579.152
55579.652
55580.152
55580.652
55581.152
55581.652
55582.152
55582.652
55583.152
55583.652
55584.152
55584.652
55585.152
55585.652
55586.152
55586.652
55587.152
55587.652
55588.152
55588.652
55589.152
55589.652
55590.152
55590.652
55591.152
55591.652
55592.152
55592.652
55593.152
55593.652
55594.152
55594.652
55595.152
55595.652
55596.152
55596.652
55597.152
55597.652
55598.152
55598.652
55599.152
55599.652
55600.152
55600.652
55601.152
55601.652
55602.152
55602.652
55603.152
55603.652
55604.152
55604.652
55605.152
55605.652
55606.152
55606.652
55607.152
55607.652
55608.152
55608.652
55609.152
55609.652
55610.152
55610.652
55611.152
55611.652
55612.152
55612.652
55613.152
55613.652
55614.152
55614.652
55615.152
55615.652
55616.152
55616.652
55617.152
55617.652
55618.152
55618.652
55619.152
55619.652
55620.152
55620.652
55621.152
55621.652
55622.152
55622.652
55623.152
55623.652
55624.152
55624.652
55625.152
55625.652
55626.152
55626.652
55627.152
55627.652
55628.152
55628.652
55629.152
55629.652
55630.152
55630.652
55631.152
55631.652
55632.152
55632.652
55633.152
55633.652
55634.152
55634.652
55635.152
55635.652
55636.152
55636.652
55637.152
55637.652
55638.152
55638.652
55639.152
55639.652
55640.152
55640.652
55641.152
55641.652
55642.152
55642.652
55643.152
55643.652
55644.152
55644.652
55645.152
55645.652
55646.152
55646.652
55647.152
55647.652
55648.152
55648.652
55649.152
55649.652
55650.152
55650.652
55651.152
55651.652
55652.152
55652.652
55653.152
55653.652
55654.152
55654.652
55655.152
55655.652
55656.152
55656.652
55657.152
55657.652
55658.152
55658.652
55659.152
55659.652
55660.152
55660.652
55661.152
55661.652
55662.152
55662.652
55663.152
55663.652
55664.152
55664.652
55665.152
55665.652
55666.152
55666.652
55667.152
55667.652
55668.152
55668.652
55669.152
55669.652
55670.152
55670.652
55671.152
55671.652
55672.152
55672.652
55673.152
55673.652
55674.152
55674.652
55675.152
55675.652
55676.152
55676.652
55677.152
55677.652
55678.152
55678.652
55679.152
55679.652
55680.152
55680.652
55681.152
55681.652
55682.152
55682.652
55683.152
55683.652
55684.152
55684.652
55685.152
55685.652
55686.152
55686.652
55687.152
55687.652
55688.152
55688.652
55689.152
55689.652
55690.152
55690.652
55691.152
55691.652
55692.152
55692.652
55693.152
55693.652
55694.152
55694.652
55695.152
55695.652
55696.152
55696.652
55697.152
55697.652
55698.152
55698.652
55699.152
55699.652
55700.152
55700.652
55701.152
55701.652
55702.152
55702.652
55703.152
55703.652
55704.152
55704.652
55705.152
55705.652
55706.152
55706.652
55707.152
55707.652
55708.152
55708.652
55709.152
55709.652
55710.152
55710.652
55711.152
55711.652
55712.152
55712.652
55713.152
55713.652
55714.152
55714.652
55715.152
55715.652
55716.152
55716.652
55717.152
55717.652
55718.152
55718.652
55719.152
55719.652
55720.152
55720.652
55721.152
55721.652
55722.152
55722.652
55723.152
55723.652
55724.152
55724.652
55725.152
55725.652
55726.152
55726.652
55727.152
55727.652
55728.152
55728.652
55729.152
55729.652
55730.152
55730.652
55731.152
55731.652
55732.152
55732.652
55733.152
55733.652
55734.152
55734.652
55735.152
55735.652
55736.152
55736.652
55737.152
55737.652
55738.152
55738.652
55739.152
55739.652
55740.152
55740.652
55741.152
55741.652
55742.152
55742.652
55743.152
55743.652
55744.152
55744.652
55745.152
55745.652
55746.152
55746.652
55747.152
55747.652
55748.152
55748.652
55749.152
55749.652
55750.152
55750.652
55751.152
55751.652
55752.152
55752.652
55753.152
55753.652
55754.152
55754.652
55755.152
55755.652
55756.152
55756.652
55757.152
55757.652
55758.152
55758.652
55759.152
55759.652
55760.152
55760.652
55761.152
55761.652
55762.152
55762.652
55763.152
55763.652
55764.152
55764.652
55765.152
55765.652
55766.152
55766.652
55767.152
55767.652
55768.152
55768.652
55769.152
55769.652
55770.152
55770.652
55771.152
55771.652
55772.152
55772.652
55773.152
55773.652
55774.152
55774.652
55775.152
55775.652
55776.152
55776.652
55777.152
55777.652
55778.152
55778.652
55779.152
55779.652
55780.152
55780.652
55781.152
55781.652
55782.152
55782.652
55783.152
55783.652
55784.152
55784.652
55785.152
55785.652
55786.152
55786.652
55787.152
55787.652
55788.152
55788.652
55789.152
55789.652
55790.152
55790.652
55791.152
55791.652
55792.152
55792.652
55793.152
55793.652
55794.152
55794.652
55795.152
55795.652
55796.152
55796.652
55797.152
55797.652
55798.152
55798.652
55799.152
55799.652
55800.152
55800.652
55801.152
55801.652
55802.152
55802.652
55803.152
55803.652
55804.152
55804.652
55805.152
55805.652
55806.152
55806.652
55807.152
55807.652
55808.152
55808.652
55809.152
55809.652
55810.152
55810.652
55811.152
55811.652
55812.152
55812.652
55813.152
55813.652
55814.152
55814.652
55815.152
55815.652
55816.152
55816.652
55817.152
55817.652
55818.152
55818.652
55819.152
55819.652
55820.152
55820.652
55821.152
55821.652
55822.152
55822.652
55823.152
55823.652
55824.152
55824.652
55825.152
55825.652
55826.152
55826.652
55827.152
55827.652
55828.152
55828.652
55829.152
55829.652
55830.152
55830.652
55831.152
55831.652
55832.152
55832.652
55833.152
55833.652
55834.152
55834.652
55835.152
55835.652
55836.152
55836.652
55837.152
55837.652
55838.152
55838.652
55839.152
55839.652
55840.152
55840.652
55841.152
55841.652
55842.152
55842.652
55843.152
55843.652
55844.152
55844.652
55845.152
55845.652
55846.152
55846.652
55847.152
55847.652
55848.152
55848.652
55849.152
55849.652
55850.152
55850.652
55851.152
55851.652
55852.152
55852.652
55853.152
55853.652
55854.152
55854.652
55855.152
55855.652
55856.152
55856.652
55857.152
55857.652
55858.152
55858.652
55859.152
55859.652
55860.152
55860.652
55861.152
55861.652
55862.152
55862.652
55863.152
55863.652
55864.152
55864.652
55865.152
55865.652
55866.152
55866.652
55867.152
55867.652
55868.152
55868.652
55869.152
55869.652
55870.152
55870.652
55871.152
55871.652
55872.152
55872.652
55873.152
55873.652
55874.152
55874.652
55875.152
55875.652
55876.152
55876.652
55877.152
55877.652
55878.152
55878.652
55879.152
55879.652
55880.152
55880.652
55881.152
55881.652
55882.152
55882.652
55883.152
55883.652
55884.152
55884.652
55885.152
55885.652
55886.152
55886.652
55887.152
55887.652
55888.152
55888.652
55889.152
55889.652
55890.152
55890.652
55891.152
55891.652
55892.152
55892.652
55893.152
55893.652
55894.152
55894.652
55895.152
55895.652
55896.152
55896.652
55897.152
55897.652
55898.152
55898.652
55899.152
55899.652
55900.152
55900.652
55901.152
55901.652
55902.152
55902.652
55903.152
55903.652
55904.152
55904.652
55905.152
55905.652
55906.152
55906.652
55907.152
55907.652
55908.152
55908.652
55909.152
55909.652
55910.152
55910.652
55911.152
55911.652
55912.152
55912.652
55913.152
55913.652
55914.152
55914.652
55915.152
55915.652
55916.152
55916.652
55917.152
55917.652
55918.152
55918.652
55919.152
55919.652
55920.152
55920.652
55921.152
55921.652
55922.152
55922.652
55923.152
55923.652
55924.152
55924.652
55925.152
55925.652
55926.152
55926.652
55927.152
55927.652
55928.152
55928.652
55929.152
55929.652
55930.152
55930.652
55931.152
55931.652
55932.152
55932.652
55933.152
55933.652
55934.152
55934.652
55935.152
55935.652
55936.152
55936.652
55937.152
55937.652
55938.152
55938.652
55939.152
55939.652
55940.152
55940.652
55941.152
55941.652
55942.152
55942.652
55943.152
55943.652
55944.152
55944.652
55945.152
55945.652
55946.152
55946.652
55947.152
55947.652
55948.152
55948.652
55949.152
55949.652
55950.152
55950.652
55951.152
55951.652
55952.152
55952.652
55953.152
55953.652
55954.152
55954.652
55955.152
55955.652
55956.152
55956.652
55957.152
55957.652
55958.152
55958.652
55959.152
55959.652
55960.152
55960.652
55961.152
55961.652
55962.152
55962.652
55963.152
55963.652
55964.152
55964.652
55965.152
55965.652
55966.152
55966.652
55967.152
55967.652
55968.152
55968.652
55969.152
55969.652
55970.152
55970.652
55971.152
55971.652
55972.152
55972.652
55973.152
55973.652
55974.152
55974.652
55975.152
55975.652
55976.152
55976.652
55977.152
55977.652
55978.152
55978.652
55979.152
55979.652
55980.152
55980.652
55981.152
55981.652
55982.152
55982.652
55983.152
55983.652
55984.152
55984.652
55985.152
55985.652
55986.152
55986.652
55987.152
55987.652
55988.152
55988.652
55989.152
55989.652
55990.152
55990.652
55991.152
55991.652
55992.152
55992.652
55993.152
55993.652
55994.152
55994.652
55995.152
55995.652
55996.152
55996.652
55997.152
55997.652
55998.152
55998.652
55999.152
55999.652
56000.152
56000.652
56001.152
56001.652
56002.152
56002.652
56003.152
56003.652
56004.152
56004.652
56005.152
56005.652
56006.152
56006.652
56007.152
56007.652
56008.152
56008.652
56009.152
56009.652
56010.152
56010.652
56011.152
56011.652
56012.152
56012.652
56013.152
56013.652
56014.152
56014.652
56015.152
56015.652
56016.152
56016.652
56017.152
56017.652
56018.152
56018.652
56019.152
56019.652
56020.152
56020.652
56021.152
56021.652
56022.152
56022.652
56023.152
56023.652
56024.152
56024.652
56025.152
56025.652
56026.152
56026.652
56027.152
56027.652
56028.152
56028.652
56029.152
56029.652
56030.152
56030.652
56031.152
56031.652
56032.152
56032.652
56033.152
56033.652
56034.152
56034.652
56035.152
56035.652
56036.152
56036.652
56037.152
56037.652
56038.152
56038.652
56039.152
56039.652
56040.152
56040.652
56041.152
56041.652
56042.152
56042.652
56043.152
56043.652
56044.152
56044.652
56045.152
56045.652
56046.152
56046.652
56047.152
56047.652
56048.152
56048.652
56049.152
56049.652
56050.152
56050.652
56051.152
56051.652
56052.152
56052.652
56053.152
56053.652
56054.152
56054.652
56055.152
56055.652
56056.152
56056.652
56057.152
56057.652
56058.152
56058.652
56059.152
56059.652
56060.152
56060.652
56061.152
56061.652
56062.152
56062.652
56063.152
56063.652
56064.152
56064.652
56065.152
56065.652
56066.152
56066.652
56067.152
56067.652
56068.152
56068.652
56069.152
56069.652
56070.152
56070.652
56071.152
56071.652
56072.152
56072.652
56073.152
56073.652
56074.152
56074.652
56075.152
56075.652
56076.152
56076.652
56077.152
56077.652
56078.152
56078.652
56079.152
56079.652
56080.152
56080.652
56081.152
56081.652
56082.152
56082.652
56083.152
56083.652
56084.152
56084.652
56085.152
56085.652
56086.152
56086.652
56087.152
56087.652
56088.152
56088.652
56089.152
56089.652
56090.152
56090.652
56091.152
56091.652
56092.152
56092.652
56093.152
56093.652
56094.152
56094.652
56095.152
56095.652
56096.152
56096.652
56097.152
56097.652
56098.152
56098.652
56099.152
56099.652
56100.152
56100.652
56101.152
56101.652
56102.152
56102.652
56103.152
56103.652
56104.152
56104.652
56105.152
56105.652
56106.152
56106.652
56107.152
56107.652
56108.152
56108.652
56109.152
56109.652
56110.152
56110.652
56111.152
56111.652
56112.152
56112.652
56113.152
56113.652
56114.152
56114.652
56115.152
56115.652
56116.152
56116.652
56117.152
56117.652
56118.152
56118.652
56119.152
56119.652
56120.152
56120.652
56121.152
56121.652
56122.152
56122.652
56123.152
56123.652
56124.152
56124.652
56125.152
56125.652
56126.152
56126.652
56127.152
56127.652
56128.152
56128.652
56129.152
56129.652
56130.152
56130.652
56131.152
56131.652
56132.152
56132.652
56133.152
56133.652
56134.152
56134.652
56135.152
56135.652
56136.152
56136.652
56137.152
56137.652
56138.152
56138.652
56139.152
56139.652
56140.152
56140.652
56141.152
56141.652
56142.152
56142.652
56143.152
56143.652
56144.152
56144.652
56145.152
56145.652
56146.152
56146.652
56147.152
56147.652
56148.152
56148.652
56149.152
56149.652
56150.152
56150.652
56151.152
56151.652
56152.152
56152.652
56153.152
56153.652
56154.152
56154.652
56155.152
56155.652
56156.152
56156.652
56157.152
56157.652
56158.152
56158.652
56159.152
56159.652
56160.152
56160.652
56161.152
56161.652
56162.152
56162.652
56163.152
56163.652
56164.152
56164.652
56165.152
56165.652
56166.152
56166.652
56167.152
56167.652
56168.152
56168.652
56169.152
56169.652
56170.152
56170.652
56171.152
56171.652
56172.152
56172.652
56173.152
56173.652
56174.152
56174.652
56175.152
56175.652
56176.152
56176.652
56177.152
56177.652
56178.152
56178.652
56179.152
56179.652
56180.152
56180.652
56181.152
56181.652
56182.152
56182.652
56183.152
56183.652
56184.152
56184.652
56185.152
56185.652
56186.152
56186.652
56187.152
56187.652
56188.152
56188.652
56189.152
56189.652
56190.152
56190.652
56191.152
56191.652
56192.152
56192.652
56193.152
56193.652
56194.152
56194.652
56195.152
56195.652
56196.152
56196.652
56197.152
56197.652
56198.152
56198.652
56199.152
56199.652
56200.152
56200.652
56201.152
56201.652
56202.152
56202.652
56203.152
56203.652
56204.152
56204.652
56205.152
56205.652
56206.152
56206.652
56207.152
56207.652
56208.152
56208.652
56209.152
56209.652
56210.152
56210.652
56211.152
56211.652
56212.152
56212.652
56213.152
56213.652
56214.152
56214.652
56215.152
56215.652
56216.152
56216.652
56217.152
56217.652
56218.152
56218.652
56219.152
56219.652
56220.152
56220.652
56221.152
56221.652
56222.152
56222.652
56223.152
56223.652
56224.152
56224.652
56225.152
56225.652
56226.152
56226.652
56227.152
56227.652
56228.152
56228.652
56229.152
56229.652
56230.152
56230.652
56231.152
56231.652
56232.152
56232.652
56233.152
56233.652
56234.152
56234.652
56235.152
56235.652
56236.152
56236.652
56237.152
56237.652
56238.152
56238.652
56239.152
56239.652
56240.152
56240.652
56241.152
56241.652
56242.152
56242.652
56243.152
56243.652
56244.152
56244.652
56245.152
56245.652
56246.152
56246.652
56247.152
56247.652
56248.152
56248.652
56249.152
56249.652
56250.152
56250.652
56251.152
56251.652
56252.152
56252.652
56253.152
56253.652
56254.152
56254.652
56255.152
56255.652
56256.152
56256.652
56257.152
56257.652
56258.152
56258.652
56259.152
56259.652
56260.152
56260.652
56261.152
56261.652
56262.152
56262.652
56263.152
56263.652
56264.152
56264.652
56265.152
56265.652
56266.152
56266.652
56267.152
56267.652
56268.152
56268.652
56269.152
56269.652
56270.152
56270.652
56271.152
56271.652
56272.152
56272.652
56273.152
56273.652
56274.152
56274.652
56275.152
56275.652
56276.152
56276.652
56277.152
56277.652
56278.152
56278.652
56279.152
56279.652
56280.152
56280.652
56281.152
56281.652
56282.152
56282.652
56283.152
56283.652
56284.152
56284.652
56285.152
56285.652
56286.152
56286.652
56287.152
56287.652
56288.152
56288.652
56289.152
56289.652
56290.152
56290.652
56291.152
56291.652
56292.152
56292.652
56293.152
56293.652
56294.152
56294.652
56295.152
56295.652
56296.152
56296.652
56297.152
56297.652
56298.152
56298.652
56299.152
56299.652
56300.152
56300.652
56301.152
56301.652
56302.152
56302.652
56303.152
56303.652
56304.152
56304.652
56305.152
56305.652
56306.152
56306.652
56307.152
56307.652
56308.152
56308.652
56309.152
56309.652
56310.152
56310.652
56311.152
56311.652
56312.152
56312.652
56313.152
56313.652
56314.152
56314.652
56315.152
56315.652
56316.152
56316.652
56317.152
56317.652
56318.152
56318.652
56319.152
56319.652
56320.152
56320.652
56321.152
56321.652
56322.152
56322.652
56323.152
56323.652
56324.152
56324.652
56325.152
56325.652
56326.152
56326.652
56327.152
56327.652
56328.152
56328.652
56329.152
56329.652
56330.152
56330.652
56331.152
56331.652
56332.152
56332.652
56333.152
56333.652
56334.152
56334.652
56335.152
56335.652
56336.152
56336.652
56337.152
56337.652
56338.152
56338.652
56339.152
56339.652
56340.152
56340.652
56341.152
56341.652
56342.152
56342.652
56343.152
56343.652
56344.152
56344.652
56345.152
56345.652
56346.152
56346.652
56347.152
56347.652
56348.152
56348.652
56349.152
56349.652
56350.152
56350.652
56351.152
56351.652
56352.152
56352.652
56353.152
56353.652
56354.152
56354.652
56355.152
56355.652
56356.152
56356.652
56357.152
56357.652
56358.152
56358.652
56359.152
56359.652
56360.152
56360.652
56361.152
56361.652
56362.152
56362.652
56363.152
56363.652
56364.152
56364.652
56365.152
56365.652
56366.152
56366.652
56367.152
56367.652
56368.152
56368.652
56369.152
56369.652
56370.152
56370.652
56371.152
56371.652
56372.152
56372.652
56373.152
56373.652
56374.152
56374.652
56375.152
56375.652
56376.152
56376.652
56377.152
56377.652
56378.152
56378.652
56379.152
56379.652
56380.152
56380.652
56381.152
56381.652
56382.152
56382.652
56383.152
56383.652
56384.152
56384.652
56385.152
56385.652
56386.152
56386.652
56387.152
56387.652
56388.152
56388.652
56389.152
56389.652
56390.152
56390.652
56391.152
56391.652
56392.152
56392.652
56393.152
56393.652
56394.152
56394.652
56395.152
56395.652
56396.152
56396.652
56397.152
56397.652
56398.152
56398.652
56399.152
56399.652
56400.152
56400.652
56401.152
56401.652
56402.152
56402.652
56403.152
56403.652
56404.152
56404.652
56405.152
56405.652
56406.152
56406.652
56407.152
56407.652
56408.152
56408.652
56409.152
56409.652
56410.152
56410.652
56411.152
56411.652
56412.152
56412.652
56413.152
56413.652
56414.152
56414.652
56415.152
56415.652
56416.152
56416.652
56417.152
56417.652
56418.152
56418.652
56419.152
56419.652
56420.152
56420.652
56421.152
56421.652
56422.152
56422.652
56423.152
56423.652
56424.152
56424.652
56425.152
56425.652
56426.152
56426.652
56427.152
56427.652
56428.152
56428.652
56429.152
56429.652
56430.152
56430.652
56431.152
56431.652
56432.152
56432.652
56433.152
56433.652
56434.152
56434.652
56435.152
56435.652
56436.152
56436.652
56437.152
56437.652
56438.152
56438.652
56439.152
56439.652
56440.152
56440.652
56441.152
56441.652
56442.152
56442.652
56443.152
56443.652
56444.152
56444.652
56445.152
56445.652
56446.152
56446.652
56447.152
56447.652
56448.152
56448.652
56449.152
56449.652
56450.152
56450.652
56451.152
56451.652
56452.152
56452.652
56453.152
56453.652
56454.152
56454.652
56455.152
56455.652
56456.152
56456.652
56457.152
56457.652
56458.152
56458.652
56459.152
56459.652
56460.152
56460.652
56461.152
56461.652
56462.152
56462.652
56463.152
56463.652
56464.152
56464.652
56465.152
56465.652
56466.152
56466.652
56467.152
56467.652
56468.152
56468.652
56469.152
56469.652
56470.152
56470.652
56471.152
56471.652
56472.152
56472.652
56473.152
56473.652
56474.152
56474.652
56475.152
56475.652
56476.152
56476.652
56477.152
56477.652
56478.152
56478.652
56479.152
56479.652
56480.152
56480.652
56481.152
56481.652
56482.152
56482.652
56483.152
56483.652
56484.152
56484.652
56485.152
56485.652
56486.152
56486.652
56487.152
56487.652
56488.152
56488.652
56489.152
56489.652
56490.152
56490.652
56491.152
56491.652
56492.152
56492.652
56493.152
56493.652
56494.152
56494.652
56495.152
56495.652
56496.152
56496.652
56497.152
56497.652
56498.152
56498.652
56499.152
56499.652
56500.152
56500.652
56501.152
56501.652
56502.152
56502.652
56503.152
56503.652
56504.152
56504.652
56505.152
56505.652
56506.152
56506.652
56507.152
56507.652
56508.152
56508.652
56509.152
56509.652
56510.152
56510.652
56511.152
56511.652
56512.152
56512.652
56513.152
56513.652
56514.152
56514.652
56515.152
56515.652
56516.152
56516.652
56517.152
56517.652
56518.152
56518.652
56519.152
56519.652
56520.152
56520.652
56521.152
56521.652
56522.152
56522.652
56523.152
56523.652
56524.152
56524.652
56525.152
56525.652
56526.152
56526.652
56527.152
56527.652
56528.152
56528.652
56529.152
56529.652
56530.152
56530.652
56531.152
56531.652
56532.152
56532.652
56533.152
56533.652
56534.152
56534.652
56535.152
56535.652
56536.152
56536.652
56537.152
56537.652
56538.152
56538.652
56539.152
56539.652
56540.152
56540.652
56541.152
56541.652
56542.152
56542.652
56543.152
56543.652
56544.152
56544.652
56545.152
56545.652
56546.152
56546.652
56547.152
56547.652
56548.152
56548.652
56549.152
56549.652
56550.152
56550.652
56551.152
56551.652
56552.152
56552.652
56553.152
56553.652
56554.152
56554.652
56555.152
56555.652
56556.152
56556.652
56557.152
56557.652
56558.152
56558.652
56559.152
56559.652
56560.152
56560.652
56561.152
56561.652
56562.152
56562.652
56563.152
56563.652
56564.152
56564.652
56565.152
56565.652
56566.152
56566.652
56567.152
56567.652
56568.152
56568.652
56569.152
56569.652
56570.152
56570.652
56571.152
56571.652
56572.152
56572.652
56573.152
56573.652
56574.152
56574.652
56575.152
56575.652
56576.152
56576.652
56577.152
56577.652
56578.152
56578.652
56579.152
56579.652
56580.152
56580.652
56581.152
56581.652
56582.152
56582.652
56583.152
56583.652
56584.152
56584.652
56585.152
56585.652
56586.152
56586.652
56587.152
56587.652
56588.152
56588.652
56589.152
56589.652
56590.152
56590.652
56591.152
56591.652
56592.152
56592.652
56593.152
56593.652
56594.152
56594.652
56595.152
56595.652
56596.152
56596.652
56597.152
56597.652
56598.152
56598.652
56599.152
56599.652
56600.152
56600.652
56601.152
56601.652
56602.152
56602.652
56603.152
56603.652
56604.152
56604.652
56605.152
56605.652
56606.152
56606.652
56607.152
56607.652
56608.152
56608.652
56609.152
56609.652
56610.152
56610.652
56611.152
56611.652
56612.152
56612.652
56613.152
56613.652
56614.152
56614.652
56615.152
56615.652
56616.152
56616.652
56617.152
56617.652
56618.152
56618.652
56619.152
56619.652
56620.152
56620.652
56621.152
56621.652
56622.152
56622.652
56623.152
56623.652
56624.152
56624.652
56625.152
56625.652
56626.152
56626.652
56627.152
56627.652
56628.152
56628.652
56629.152
56629.652
56630.152
56630.652
56631.152
56631.652
56632.152
56632.652
56633.152
56633.652
56634.152
56634.652
56635.152
56635.652
56636.152
56636.652
56637.152
56637.652
56638.152
56638.652
56639.152
56639.652
56640.152
56640.652
56641.152
56641.652
56642.152
56642.652
56643.152
56643.652
56644.152
56644.652
56645.152
56645.652
56646.152
56646.652
56647.152
56647.652
56648.152
56648.652
56649.152
56649.652
56650.152
56650.652
56651.152
56651.652
56652.152
56652.652
56653.152
56653.652
56654.152
56654.652
56655.152
56655.652
56656.152
56656.652
56657.152
56657.652
56658.152
56658.652
56659.152
56659.652
56660.152
56660.652
56661.152
56661.652
56662.152
56662.652
56663.152
56663.652
56664.152
56664.652
56665.152
56665.652
56666.152
56666.652
56667.152
56667.652
56668.152
56668.652
56669.152
56669.652
56670.152
56670.652
56671.152
56671.652
56672.152
56672.652
56673.152
56673.652
56674.152
56674.652
56675.152
56675.652
56676.152
56676.652
56677.152
56677.652
56678.152
56678.652
56679.152
56679.652
56680.152
56680.652
56681.152
56681.652
56682.152
56682.652
56683.152
56683.652
56684.152
56684.652
56685.152
56685.652
56686.152
56686.652
56687.152
56687.652
56688.152
56688.652
56689.152
56689.652
56690.152
56690.652
56691.152
56691.652
56692.152
56692.652
56693.152
56693.652
56694.152
56694.652
56695.152
56695.652
56696.152
56696.652
56697.152
56697.652
56698.152
56698.652
56699.152
56699.652
56700.152
56700.652
56701.152
56701.652
56702.152
56702.652
56703.152
56703.652
56704.152
56704.652
56705.152
56705.652
56706.152
56706.652
56707.152
56707.652
56708.152
56708.652
56709.152
56709.652
56710.152
56710.652
56711.152
56711.652
56712.152
56712.652
56713.152
56713.652
56714.152
56714.652
56715.152
56715.652
56716.152
56716.652
56717.152
56717.652
56718.152
56718.652
56719.152
56719.652
56720.152
56720.652
56721.152
56721.652
56722.152
56722.652
56723.152
56723.652
56724.152
56724.652
56725.152
56725.652
56726.152
56726.652
56727.152
56727.652
56728.152
56728.652
56729.152
56729.652
56730.152
56730.652
56731.152
56731.652
56732.152
56732.652
56733.152
56733.652
56734.152
56734.652
56735.152
56735.652
56736.152
56736.652
56737.152
56737.652
56738.152
56738.652
56739.152
56739.652
56740.152
56740.652
56741.152
56741.652
56742.152
56742.652
56743.152
56743.652
56744.152
56744.652
56745.152
56745.652
56746.152
56746.652
56747.152
56747.652
56748.152
56748.652
56749.152
56749.652
56750.152
56750.652
56751.152
56751.652
56752.152
56752.652
56753.152
56753.652
56754.152
56754.652
56755.152
56755.652
56756.152
56756.652
56757.152
56757.652
56758.152
56758.652
56759.152
56759.652
56760.152
56760.652
56761.152
56761.652
56762.152
56762.652
56763.152
56763.652
56764.152
56764.652
56765.152
56765.652
56766.152
56766.652
56767.152
56767.652
56768.152
56768.652
56769.152
56769.652
56770.152
56770.652
56771.152
56771.652
56772.152
56772.652
56773.152
56773.652
56774.152
56774.652
56775.152
56775.652
56776.152
56776.652
56777.152
56777.652
56778.152
56778.652
56779.152
56779.652
56780.152
56780.652
56781.152
56781.652
56782.152
56782.652
56783.152
56783.652
56784.152
56784.652
56785.152
56785.652
56786.152
56786.652
56787.152
56787.652
56788.152
56788.652
56789.152
56789.652
56790.152
56790.652
56791.152
56791.652
56792.152
56792.652
56793.152
56793.652
56794.152
56794.652
56795.152
56795.652
56796.152
56796.652
56797.152
56797.652
56798.152
56798.652
56799.152
56799.652
56800.152
56800.652
56801.152
56801.652
56802.152
56802.652
56803.152
56803.652
56804.152
56804.652
56805.152
56805.652
56806.152
56806.652
56807.152
56807.652
56808.152
56808.652
56809.152
56809.652
56810.152
56810.652
56811.152
56811.652
56812.152
56812.652
56813.152
56813.652
56814.152
56814.652
56815.152
56815.652
56816.152
56816.652
56817.152
56817.652
56818.152
56818.652
56819.152
56819.652
56820.152
56820.652
56821.152
56821.652
56822.152
56822.652
56823.152
56823.652
56824.152
56824.652
56825.152
56825.652
56826.152
56826.652
56827.152
56827.652
56828.152
56828.652
56829.152
56829.652
56830.152
56830.652
56831.152
56831.652
56832.152
56832.652
56833.152
56833.652
56834.152
56834.652
56835.152
56835.652
56836.152
56836.652
56837.152
56837.652
56838.152
56838.652
56839.152
56839.652
56840.152
56840.652
56841.152
56841.652
56842.152
56842.652
56843.152
56843.652
56844.152
56844.652
56845.152
56845.652
56846.152
56846.652
56847.152
56847.652
56848.152
56848.652
56849.152
56849.652
56850.152
56850.652
56851.152
56851.652
56852.152
56852.652
56853.152
56853.652
56854.152
56854.652
56855.152
56855.652
56856.152
56856.652
56857.152
56857.652
56858.152
56858.652
56859.152
56859.652
56860.152
56860.652
56861.152
56861.652
56862.152
56862.652
56863.152
56863.652
56864.152
56864.652
56865.152
56865.652
56866.152
56866.652
56867.152
56867.652
56868.152
56868.652
56869.152
56869.652
56870.152
56870.652
56871.152
56871.652
56872.152
56872.652
56873.152
56873.652
56874.152
56874.652
56875.152
56875.652
56876.152
56876.652
56877.152
56877.652
56878.152
56878.652
56879.152
56879.652
56880.152
56880.652
56881.152
56881.652
56882.152
56882.652
56883.152
56883.652
56884.152
56884.652
56885.152
56885.652
56886.152
56886.652
56887.152
56887.652
56888.152
56888.652
56889.152
56889.652
56890.152
56890.652
56891.152
56891.652
56892.152
56892.652
56893.152
56893.652
56894.152
56894.652
56895.152
56895.652
56896.152
56896.652
56897.152
56897.652
56898.152
56898.652
56899.152
56899.652
56900.152
56900.652
56901.152
56901.652
56902.152
56902.652
56903.152
56903.652
56904.152
56904.652
56905.152
56905.652
56906.152
56906.652
56907.152
56907.652
56908.152
56908.652
56909.152
56909.652
56910.152
56910.652
56911.152
56911.652
56912.152
56912.652
56913.152
56913.652
56914.152
56914.652
56915.152
56915.652
56916.152
56916.652
56917.152
56917.652
56918.152
56918.652
56919.152
56919.652
56920.152
56920.652
56921.152
56921.652
56922.152
56922.652
56923.152
56923.652
56924.152
56924.652
56925.152
56925.652
56926.152
56926.652
56927.152
56927.652
56928.152
56928.652
56929.152
56929.652
56930.152
56930.652
56931.152
56931.652
56932.152
56932.652
56933.152
56933.652
56934.152
56934.652
56935.152
56935.652
56936.152
56936.652
56937.152
56937.652
56938.152
56938.652
56939.152
56939.652
56940.152
56940.652
56941.152
56941.652
56942.152
56942.652
56943.152
56943.652
56944.152
56944.652
56945.152
56945.652
56946.152
56946.652
56947.152
56947.652
56948.152
56948.652
56949.152
56949.652
56950.152
56950.652
56951.152
56951.652
56952.152
56952.652
56953.152
56953.652
56954.152
56954.652
56955.152
56955.652
56956.152
56956.652
56957.152
56957.652
56958.152
56958.652
56959.152
56959.652
56960.152
56960.652
56961.152
56961.652
56962.152
56962.652
56963.152
56963.652
56964.152
56964.652
56965.152
56965.652
56966.152
56966.652
56967.152
56967.652
56968.152
56968.652
56969.152
56969.652
56970.152
56970.652
56971.152
56971.652
56972.152
56972.652
56973.152
56973.652
56974.152
56974.652
56975.152
56975.652
56976.152
56976.652
56977.152
56977.652
56978.152
56978.652
56979.152
56979.652
56980.152
56980.652
56981.152
56981.652
56982.152
56982.652
56983.152
56983.652
56984.152
56984.652
56985.152
56985.652
56986.152
56986.652
56987.152
56987.652
56988.152
56988.652
56989.152
56989.652
56990.152
56990.652
56991.152
56991.652
56992.152
56992.652
56993.152
56993.652
56994.152
56994.652
56995.152
56995.652
56996.152
56996.652
56997.152
56997.652
56998.152
56998.652
56999.152
56999.652
57000.152
57000.652
57001.152
57001.652
57002.152
57002.652
57003.152
57003.652
57004.152
57004.652
57005.152
57005.652
57006.152
57006.652
57007.152
57007.652
57008.152
57008.652
57009.152
57009.652
57010.152
57010.652
57011.152
57011.652
57012.152
57012.652
57013.152
57013.652
57014.152
57014.652
57015.152
57015.652
57016.152
57016.652
57017.152
57017.652
57018.152
57018.652
57019.152
57019.652
57020.152
57020.652
57021.152
57021.652
57022.152
57022.652
57023.152
57023.652
57024.152
57024.652
57025.152
57025.652
57026.152
57026.652
57027.152
57027.652
57028.152
57028.652
57029.152
57029.652
57030.152
57030.652
57031.152
57031.652
57032.152
57032.652
57033.152
57033.652
57034.152
57034.652
57035.152
57035.652
57036.152
57036.652
57037.152
57037.652
57038.152
57038.652
57039.152
57039.652
57040.152
57040.652
57041.152
57041.652
57042.152
57042.652
57043.152
57043.652
57044.152
57044.652
57045.152
57045.652
57046.152
57046.652
57047.152
57047.652
57048.152
57048.652
57049.152
57049.652
57050.152
57050.652
57051.152
57051.652
57052.152
57052.652
57053.152
57053.652
57054.152
57054.652
57055.152
57055.652
57056.152
57056.652
57057.152
57057.652
57058.152
57058.652
57059.152
57059.652
57060.152
57060.652
57061.152
57061.652
57062.152
57062.652
57063.152
57063.652
57064.152
57064.652
57065.152
57065.652
57066.152
57066.652
57067.152
57067.652
57068.152
57068.652
57069.152
57069.652
57070.152
57070.652
57071.152
57071.652
57072.152
57072.652
57073.152
57073.652
57074.152
57074.652
57075.152
57075.652
57076.152
57076.652
57077.152
57077.652
57078.152
57078.652
57079.152
57079.652
57080.152
57080.652
57081.152
57081.652
57082.152
57082.652
57083.152
57083.652
57084.152
57084.652
57085.152
57085.652
57086.152
57086.652
57087.152
57087.652
57088.152
57088.652
57089.152
57089.652
57090.152
57090.652
57091.152
57091.652
57092.152
57092.652
57093.152
57093.652
57094.152
57094.652
57095.152
57095.652
57096.152
57096.652
57097.152
57097.652
57098.152
57098.652
57099.152
57099.652
57100.152
57100.652
57101.152
57101.652
57102.152
57102.652
57103.152
57103.652
57104.152
57104.652
57105.152
57105.652
57106.152
57106.652
57107.152
57107.652
57108.152
57108.652
57109.152
57109.652
57110.152
57110.652
57111.152
57111.652
57112.152
57112.652
57113.152
57113.652
57114.152
57114.652
57115.152
57115.652
57116.152
57116.652
57117.152
57117.652
57118.152
57118.652
57119.152
57119.652
57120.152
57120.652
57121.152
57121.652
57122.152
57122.652
57123.152
57123.652
57124.152
57124.652
57125.152
57125.652
57126.152
57126.652
57127.152
57127.652
57128.152
57128.652
57129.152
57129.652
57130.152
57130.652
57131.152
57131.652
57132.152
57132.652
57133.152
57133.652
57134.152
57134.652
57135.152
57135.652
57136.152
57136.652
57137.152
57137.652
57138.152
57138.652
57139.152
57139.652
57140.152
57140.652
57141.152
57141.652
57142.152
57142.652
57143.152
57143.652
57144.152
57144.652
57145.152
57145.652
57146.152
57146.652
57147.152
57147.652
57148.152
57148.652
57149.152
57149.652
57150.152
57150.652
57151.152
57151.652
57152.152
57152.652
57153.152
57153.652
57154.152
57154.652
57155.152
57155.652
57156.152
57156.652
57157.152
57157.652
57158.152
57158.652
57159.152
57159.652
57160.152
57160.652
57161.152
57161.652
57162.152
57162.652
57163.152
57163.652
57164.152
57164.652
57165.152
57165.652
57166.152
57166.652
57167.152
57167.652
57168.152
57168.652
57169.152
57169.652
57170.152
57170.652
57171.152
57171.652
57172.152
57172.652
57173.152
57173.652
57174.152
57174.652
57175.152
57175.652
57176.152
57176.652
57177.152
57177.652
57178.152
57178.652
57179.152
57179.652
57180.152
57180.652
57181.152
57181.652
57182.152
57182.652
57183.152
57183.652
57184.152
57184.652
57185.152
57185.652
57186.152
57186.652
57187.152
57187.652
57188.152
57188.652
57189.152
57189.652
57190.152
57190.652
57191.152
57191.652
57192.152
57192.652
57193.152
57193.652
57194.152
57194.652
57195.152
57195.652
57196.152
57196.652
57197.152
57197.652
57198.152
57198.652
57199.152
57199.652
57200.152
57200.652
57201.152
57201.652
57202.152
57202.652
57203.152
57203.652
57204.152
57204.652
57205.152
57205.652
57206.152
57206.652
57207.152
57207.652
57208.152
57208.652
57209.152
57209.652
57210.152
57210.652
57211.152
57211.652
57212.152
57212.652
57213.152
57213.652
57214.152
57214.652
57215.152
57215.652
57216.152
57216.652
57217.152
57217.652
57218.152
57218.652
57219.152
57219.652
57220.152
57220.652
57221.152
57221.652
57222.152
57222.652
57223.152
57223.652
57224.152
57224.652
57225.152
57225.652
57226.152
57226.652
57227.152
57227.652
57228.152
57228.652
57229.152
57229.652
57230.152
57230.652
57231.152
57231.652
57232.152
57232.652
57233.152
57233.652
57234.152
57234.652
57235.152
57235.652
57236.152
57236.652
57237.152
57237.652
57238.152
57238.652
57239.152
57239.652
57240.152
57240.652
57241.152
57241.652
57242.152
57242.652
57243.152
57243.652
57244.152
57244.652
57245.152
57245.652
57246.152
57246.652
57247.152
57247.652
57248.152
57248.652
57249.152
57249.652
57250.152
57250.652
57251.152
57251.652
57252.152
57252.652
57253.152
57253.652
57254.152
57254.652
57255.152
57255.652
57256.152
57256.652
57257.152
57257.652
57258.152
57258.652
57259.152
57259.652
57260.152
57260.652
57261.152
57261.652
57262.152
57262.652
57263.152
57263.652
57264.152
57264.652
57265.152
57265.652
57266.152
57266.652
57267.152
57267.652
57268.152
57268.652
57269.152
57269.652
57270.152
57270.652
57271.152
57271.652
57272.152
57272.652
57273.152
57273.652
57274.152
57274.652
57275.152
57275.652
57276.152
57276.652
57277.152
57277.652
57278.152
57278.652
57279.152
57279.652
57280.152
57280.652
57281.152
57281.652
57282.152
57282.652
57283.152
57283.652
57284.152
57284.652
57285.152
57285.652
57286.152
57286.652
57287.152
57287.652
57288.152
57288.652
57289.152
57289.652
57290.152
57290.652
57291.152
57291.652
57292.152
57292.652
57293.152
57293.652
57294.152
57294.652
57295.152
57295.652
57296.152
57296.652
57297.152
57297.652
57298.152
57298.652
57299.152
57299.652
57300.152
57300.652
57301.152
57301.652
57302.152
57302.652
57303.152
57303.652
57304.152
57304.652
57305.152
57305.652
57306.152
57306.652
57307.152
57307.652
57308.152
57308.652
57309.152
57309.652
57310.152
57310.652
57311.152
57311.652
57312.152
57312.652
57313.152
57313.652
57314.152
57314.652
57315.152
57315.652
57316.152
57316.652
57317.152
57317.652
57318.152
57318.652
57319.152
57319.652
57320.152
57320.652
57321.152
57321.652
57322.152
57322.652
57323.152
57323.652
57324.152
57324.652
57325.152
57325.652
57326.152
57326.652
57327.152
57327.652
57328.152
57328.652
57329.152
57329.652
57330.152
57330.652
57331.152
57331.652
57332.152
57332.652
57333.152
57333.652
57334.152
57334.652
57335.152
57335.652
57336.152
57336.652
57337.152
57337.652
57338.152
57338.652
57339.152
57339.652
57340.152
57340.652
57341.152
57341.652
57342.152
57342.652
57343.152
57343.652
57344.152
57344.652
57345.152
57345.652
57346.152
57346.652
57347.152
57347.652
57348.152
57348.652
57349.152
57349.652
57350.152
57350.652
57351.152
57351.652
57352.152
57352.652
57353.152
57353.652
57354.152
57354.652
57355.152
57355.652
57356.152
57356.652
57357.152
57357.652
57358.152
57358.652
57359.152
57359.652
57360.152
57360.652
57361.152
57361.652
57362.152
57362.652
57363.152
57363.652
57364.152
57364.652
57365.152
57365.652
57366.152
57366.652
57367.152
57367.652
57368.152
57368.652
57369.152
57369.652
57370.152
57370.652
57371.152
57371.652
57372.152
57372.652
57373.152
57373.652
57374.152
57374.652
57375.152
57375.652
57376.152
57376.652
57377.152
57377.652
57378.152
57378.652
57379.152
57379.652
57380.152
57380.652
57381.152
57381.652
57382.152
57382.652
57383.152
57383.652
57384.152
57384.652
57385.152
57385.652
57386.152
57386.652
57387.152
57387.652
57388.152
57388.652
57389.152
57389.652
57390.152
57390.652
57391.152
57391.652
57392.152
57392.652
57393.152
57393.652
57394.152
57394.652
57395.152
57395.652
57396.152
57396.652
57397.152
57397.652
57398.152
57398.652
57399.152
57399.652
57400.152
57400.652
57401.152
57401.652
57402.152
57402.652
57403.152
57403.652
57404.152
57404.652
57405.152
57405.652
57406.152
57406.652
57407.152
57407.652
57408.152
57408.652
57409.152
57409.652
57410.152
57410.652
57411.152
57411.652
57412.152
57412.652
57413.152
57413.652
57414.152
57414.652
57415.152
57415.652
57416.152
57416.652
57417.152
57417.652
57418.152
57418.652
57419.152
57419.652
57420.152
57420.652
57421.152
57421.652
57422.152
57422.652
57423.152
57423.652
57424.152
57424.652
57425.152
57425.652
57426.152
57426.652
57427.152
57427.652
57428.152
57428.652
57429.152
57429.652
57430.152
57430.652
57431.152
57431.652
57432.152
57432.652
57433.152
57433.652
57434.152
57434.652
57435.152
57435.652
57436.152
57436.652
57437.152
57437.652
57438.152
57438.652
57439.152
57439.652
57440.152
57440.652
57441.152
57441.652
57442.152
57442.652
57443.152
57443.652
57444.152
57444.652
57445.152
57445.652
57446.152
57446.652
57447.152
57447.652
57448.152
57448.652
57449.152
57449.652
57450.152
57450.652
57451.152
57451.652
57452.152
57452.652
57453.152
57453.652
57454.152
57454.652
57455.152
57455.652
57456.152
57456.652
57457.152
57457.652
57458.152
57458.652
57459.152
57459.652
57460.152
57460.652
57461.152
57461.652
57462.152
57462.652
57463.152
57463.652
57464.152
57464.652
57465.152
57465.652
57466.152
57466.652
57467.152
57467.652
57468.152
57468.652
57469.152
57469.652
57470.152
57470.652
57471.152
57471.652
57472.152
57472.652
57473.152
57473.652
57474.152
57474.652
57475.152
57475.652
57476.152
57476.652
57477.152
57477.652
57478.152
57478.652
57479.152
57479.652
57480.152
57480.652
57481.152
57481.652
57482.152
57482.652
57483.152
57483.652
57484.152
57484.652
57485.152
57485.652
57486.152
57486.652
57487.152
57487.652
57488.152
57488.652
57489.152
57489.652
57490.152
57490.652
57491.152
57491.652
57492.152
57492.652
57493.152
57493.652
57494.152
57494.652
57495.152
57495.652
57496.152
57496.652
57497.152
57497.652
57498.152
57498.652
57499.152
57499.652
57500.152
57500.652
57501.152
57501.652
57502.152
57502.652
57503.152
57503.652
57504.152
57504.652
57505.152
57505.652
57506.152
57506.652
57507.152
57507.652
57508.152
57508.652
57509.152
57509.652
57510.152
57510.652
57511.152
57511.652
57512.152
57512.652
57513.152
57513.652
57514.152
57514.652
57515.152
57515.652
57516.152
57516.652
57517.152
57517.652
57518.152
57518.652
57519.152
57519.652
57520.152
57520.652
57521.152
57521.652
57522.152
57522.652
57523.152
57523.652
57524.152
57524.652
57525.152
57525.652
57526.152
57526.652
57527.152
57527.652
57528.152
57528.652
57529.152
57529.652
57530.152
57530.652
57531.152
57531.652
57532.152
57532.652
57533.152
57533.652
57534.152
57534.652
57535.152
57535.652
57536.152
57536.652
57537.152
57537.652
57538.152
57538.652
57539.152
57539.652
57540.152
57540.652
57541.152
57541.652
57542.152
57542.652
57543.152
57543.652
57544.152
57544.652
57545.152
57545.652
57546.152
57546.652
57547.152
57547.652
57548.152
57548.652
57549.152
57549.652
57550.152
57550.652
57551.152
57551.652
57552.152
57552.652
57553.152
57553.652
57554.152
57554.652
57555.152
57555.652
57556.152
57556.652
57557.152
57557.652
57558.152
57558.652
57559.152
57559.652
57560.152
57560.652
57561.152
57561.652
57562.152
57562.652
57563.152
57563.652
57564.152
57564.652
57565.152
57565.652
57566.152
57566.652
57567.152
57567.652
57568.152
57568.652
57569.152
57569.652
57570.152
57570.652
57571.152
57571.652
57572.152
57572.652
57573.152
57573.652
57574.152
57574.652
57575.152
57575.652
57576.152
57576.652
57577.152
57577.652
57578.152
57578.652
57579.152
57579.652
57580.152
57580.652
57581.152
57581.652
57582.152
57582.652
57583.152
57583.652
57584.152
57584.652
57585.152
57585.652
57586.152
57586.652
57587.152
57587.652
57588.152
57588.652
57589.152
57589.652
57590.152
57590.652
57591.152
57591.652
57592.152
57592.652
57593.152
57593.652
57594.152
57594.652
57595.152
57595.652
57596.152
57596.652
57597.152
57597.652
57598.152
57598.652
57599.152
57599.652
57600.152
57600.652
57601.152
57601.652
57602.152
57602.652
57603.152
57603.652
57604.152
57604.652
57605.152
57605.652
57606.152
57606.652
57607.152
57607.652
57608.152
57608.652
57609.152
57609.652
57610.152
57610.652
57611.152
57611.652
57612.152
57612.652
57613.152
57613.652
57614.152
57614.652
57615.152
57615.652
57616.152
57616.652
57617.152
57617.652
57618.152
57618.652
57619.152
57619.652
57620.152
57620.652
57621.152
57621.652
57622.152
57622.652
57623.152
57623.652
57624.152
57624.652
57625.152
57625.652
57626.152
57626.652
57627.152
57627.652
57628.152
57628.652
57629.152
57629.652
57630.152
57630.652
57631.152
57631.652
57632.152
57632.652
57633.152
57633.652
57634.152
57634.652
57635.152
57635.652
57636.152
57636.652
57637.152
57637.652
57638.152
57638.652
57639.152
57639.652
57640.152
57640.652
57641.152
57641.652
57642.152
57642.652
57643.152
57643.652
57644.152
57644.652
57645.152
57645.652
57646.152
57646.652
57647.152
57647.652
57648.152
57648.652
57649.152
57649.652
57650.152
57650.652
57651.152
57651.652
57652.152
57652.652
57653.152
57653.652
57654.152
57654.652
57655.152
57655.652
57656.152
57656.652
57657.152
57657.652
57658.152
57658.652
57659.152
57659.652
57660.152
57660.652
57661.152
57661.652
57662.152
57662.652
57663.152
57663.652
57664.152
57664.652
57665.152
57665.652
57666.152
57666.652
57667.152
57667.652
57668.152
57668.652
57669.152
57669.652
57670.152
57670.652
57671.152
57671.652
57672.152
57672.652
57673.152
57673.652
57674.152
57674.652
57675.152
57675.652
57676.152
57676.652
57677.152
57677.652
57678.152
57678.652
57679.152
57679.652
57680.152
57680.652
57681.152
57681.652
57682.152
57682.652
57683.152
57683.652
57684.152
57684.652
57685.152
57685.652
57686.152
57686.652
57687.152
57687.652
57688.152
57688.652
57689.152
57689.652
57690.152
57690.652
57691.152
57691.652
57692.152
57692.652
57693.152
57693.652
57694.152
57694.652
57695.152
57695.652
57696.152
57696.652
57697.152
57697.652
57698.152
57698.652
57699.152
57699.652
57700.152
57700.652
57701.152
57701.652
57702.152
57702.652
57703.152
57703.652
57704.152
57704.652
57705.152
57705.652
57706.152
57706.652
57707.152
57707.652
57708.152
57708.652
57709.152
57709.652
57710.152
57710.652
57711.152
57711.652
57712.152
57712.652
57713.152
57713.652
57714.152
57714.652
57715.152
57715.652
57716.152
57716.652
57717.152
57717.652
57718.152
57718.652
57719.152
57719.652
57720.152
57720.652
57721.152
57721.652
57722.152
57722.652
57723.152
57723.652
57724.152
57724.652
57725.152
57725.652
57726.152
57726.652
57727.152
57727.652
57728.152
57728.652
57729.152
57729.652
57730.152
57730.652
57731.152
57731.652
57732.152
57732.652
57733.152
57733.652
57734.152
57734.652
57735.152
57735.652
57736.152
57736.652
57737.152
57737.652
57738.152
57738.652
57739.152
57739.652
57740.152
57740.652
57741.152
57741.652
57742.152
57742.652
57743.152
57743.652
57744.152
57744.652
57745.152
57745.652
57746.152
57746.652
57747.152
57747.652
57748.152
57748.652
57749.152
57749.652
57750.152
57750.652
57751.152
57751.652
57752.152
57752.652
57753.152
57753.652
57754.152
57754.652
57755.152
57755.652
57756.152
57756.652
57757.152
57757.652
57758.152
57758.652
57759.152
57759.652
57760.152
57760.652
57761.152
57761.652
57762.152
57762.652
57763.152
57763.652
57764.152
57764.652
57765.152
57765.652
57766.152
57766.652
57767.152
57767.652
57768.152
57768.652
57769.152
57769.652
57770.152
57770.652
57771.152
57771.652
57772.152
57772.652
57773.152
57773.652
57774.152
57774.652
57775.152
57775.652
57776.152
57776.652
57777.152
57777.652
57778.152
57778.652
57779.152
57779.652
57780.152
57780.652
57781.152
57781.652
57782.152
57782.652
57783.152
57783.652
57784.152
57784.652
57785.152
57785.652
57786.152
57786.652
57787.152
57787.652
57788.152
57788.652
57789.152
57789.652
57790.152
57790.652
57791.152
57791.652
57792.152
57792.652
57793.152
57793.652
57794.152
57794.652
57795.152
57795.652
57796.152
57796.652
57797.152
57797.652
57798.152
57798.652
57799.152
57799.652
57800.152
57800.652
57801.152
57801.652
57802.152
57802.652
57803.152
57803.652
57804.152
57804.652
57805.152
57805.652
57806.152
57806.652
57807.152
57807.652
57808.152
57808.652
57809.152
57809.652
57810.152
57810.652
57811.152
57811.652
57812.152
57812.652
57813.152
57813.652
57814.152
57814.652
57815.152
57815.652
57816.152
57816.652
57817.152
57817.652
57818.152
57818.652
57819.152
57819.652
57820.152
57820.652
57821.152
57821.652
57822.152
57822.652
57823.152
57823.652
57824.152
57824.652
57825.152
57825.652
57826.152
57826.652
57827.152
57827.652
57828.152
57828.652
57829.152
57829.652
57830.152
57830.652
57831.152
57831.652
57832.152
57832.652
57833.152
57833.652
57834.152
57834.652
57835.152
57835.652
57836.152
57836.652
57837.152
57837.652
57838.152
57838.652
57839.152
57839.652
57840.152
57840.652
57841.152
57841.652
57842.152
57842.652
57843.152
57843.652
57844.152
57844.652
57845.152
57845.652
57846.152
57846.652
57847.152
57847.652
57848.152
57848.652
57849.152
57849.652
57850.152
57850.652
57851.152
57851.652
57852.152
57852.652
57853.152
57853.652
57854.152
57854.652
57855.152
57855.652
57856.152
57856.652
57857.152
57857.652
57858.152
57858.652
57859.152
57859.652
57860.152
57860.652
57861.152
57861.652
57862.152
57862.652
57863.152
57863.652
57864.152
57864.652
57865.152
57865.652
57866.152
57866.652
57867.152
57867.652
57868.152
57868.652
57869.152
57869.652
57870.152
57870.652
57871.152
57871.652
57872.152
57872.652
57873.152
57873.652
57874.152
57874.652
57875.152
57875.652
57876.152
57876.652
57877.152
57877.652
57878.152
57878.652
57879.152
57879.652
57880.152
57880.652
57881.152
57881.652
57882.152
57882.652
57883.152
57883.652
57884.152
57884.652
57885.152
57885.652
57886.152
57886.652
57887.152
57887.652
57888.152
57888.652
57889.152
57889.652
57890.152
57890.652
57891.152
57891.652
57892.152
57892.652
57893.152
57893.652
57894.152
57894.652
57895.152
57895.652
57896.152
57896.652
57897.152
57897.652
57898.152
57898.652
57899.152
57899.652
57900.152
57900.652
57901.152
57901.652
57902.152
57902.652
57903.152
57903.652
57904.152
57904.652
57905.152
57905.652
57906.152
57906.652
57907.152
57907.652
57908.152
57908.652
57909.152
57909.652
57910.152
57910.652
57911.152
57911.652
57912.152
57912.652
57913.152
57913.652
57914.152
57914.652
57915.152
57915.652
57916.152
57916.652
57917.152
57917.652
57918.152
57918.652
57919.152
57919.652
57920.152
57920.652
57921.152
57921.652
57922.152
57922.652
57923.152
57923.652
57924.152
57924.652
57925.152
57925.652
57926.152
57926.652
57927.152
57927.652
57928.152
57928.652
57929.152
57929.652
57930.152
57930.652
57931.152
57931.652
57932.152
57932.652
57933.152
57933.652
57934.152
57934.652
57935.152
57935.652
57936.152
57936.652
57937.152
57937.652
57938.152
57938.652
57939.152
57939.652
57940.152
57940.652
57941.152
57941.652
57942.152
57942.652
57943.152
57943.652
57944.152
57944.652
57945.152
57945.652
57946.152
57946.652
57947.152
57947.652
57948.152
57948.652
57949.152
57949.652
57950.152
57950.652
57951.152
57951.652
57952.152
57952.652
57953.152
57953.652
57954.152
57954.652
57955.152
57955.652
57956.152
57956.652
57957.152
57957.652
57958.152
57958.652
57959.152
57959.652
57960.152
57960.652
57961.152
57961.652
57962.152
57962.652
57963.152
57963.652
57964.152
57964.652
57965.152
57965.652
57966.152
57966.652
57967.152
57967.652
57968.152
57968.652
57969.152
57969.652
57970.152
57970.652
57971.152
57971.652
57972.152
57972.652
57973.152
57973.652
57974.152
57974.652
57975.152
57975.652
57976.152
57976.652
57977.152
57977.652
57978.152
57978.652
57979.152
57979.652
57980.152
57980.652
57981.152
57981.652
57982.152
57982.652
57983.152
57983.652
57984.152
57984.652
57985.152
57985.652
57986.152
57986.652
57987.152
57987.652
57988.152
57988.652
57989.152
57989.652
57990.152
57990.652
57991.152
57991.652
57992.152
57992.652
57993.152
57993.652
57994.152
57994.652
57995.152
57995.652
57996.152
57996.652
57997.152
57997.652
57998.152
57998.652
57999.152
57999.652
58000.152
58000.652
58001.152
58001.652
58002.152
58002.652
58003.152
58003.652
58004.152
58004.652
58005.152
58005.652
58006.152
58006.652
58007.152
58007.652
58008.152
58008.652
58009.152
58009.652
58010.152
58010.652
58011.152
58011.652
58012.152
58012.652
58013.152
58013.652
58014.152
58014.652
58015.152
58015.652
58016.152
58016.652
58017.152
58017.652
58018.152
58018.652
58019.152
58019.652
58020.152
58020.652
58021.152
58021.652
58022.152
58022.652
58023.152
58023.652
58024.152
58024.652
58025.152
58025.652
58026.152
58026.652
58027.152
58027.652
58028.152
58028.652
58029.152
58029.652
58030.152
58030.652
58031.152
58031.652
58032.152
58032.652
58033.152
58033.652
58034.152
58034.652
58035.152
58035.652
58036.152
58036.652
58037.152
58037.652
58038.152
58038.652
58039.152
58039.652
58040.152
58040.652
58041.152
58041.652
58042.152
58042.652
58043.152
58043.652
58044.152
58044.652
58045.152
58045.652
58046.152
58046.652
58047.152
58047.652
58048.152
58048.652
58049.152
58049.652
58050.152
58050.652
58051.152
58051.652
58052.152
58052.652
58053.152
58053.652
58054.152
58054.652
58055.152
58055.652
58056.152
58056.652
58057.152
58057.652
58058.152
58058.652
58059.152
58059.652
58060.152
58060.652
58061.152
58061.652
58062.152
58062.652
58063.152
58063.652
58064.152
58064.652
58065.152
58065.652
58066.152
58066.652
58067.152
58067.652
58068.152
58068.652
58069.152
58069.652
58070.152
58070.652
58071.152
58071.652
58072.152
58072.652
58073.152
58073.652
58074.152
58074.652
58075.152
58075.652
58076.152
58076.652
58077.152
58077.652
58078.152
58078.652
58079.152
58079.652
58080.152
58080.652
58081.152
58081.652
58082.152
58082.652
58083.152
58083.652
58084.152
58084.652
58085.152
58085.652
58086.152
58086.652
58087.152
58087.652
58088.152
58088.652
58089.152
58089.652
58090.152
58090.652
58091.152
58091.652
58092.152
58092.652
58093.152
58093.652
58094.152
58094.652
58095.152
58095.652
58096.152
58096.652
58097.152
58097.652
58098.152
58098.652
58099.152
58099.652
58100.152
58100.652
58101.152
58101.652
58102.152
58102.652
58103.152
58103.652
58104.152
58104.652
58105.152
58105.652
58106.152
58106.652
58107.152
58107.652
58108.152
58108.652
58109.152
58109.652
58110.152
58110.652
58111.152
58111.652
58112.152
58112.652
58113.152
58113.652
58114.152
58114.652
58115.152
58115.652
58116.152
58116.652
58117.152
58117.652
58118.152
58118.652
58119.152
58119.652
58120.152
58120.652
58121.152
58121.652
58122.152
58122.652
58123.152
58123.652
58124.152
58124.652
58125.152
58125.652
58126.152
58126.652
58127.152
58127.652
58128.152
58128.652
58129.152
58129.652
58130.152
58130.652
58131.152
58131.652
58132.152
58132.652
58133.152
58133.652
58134.152
58134.652
58135.152
58135.652
58136.152
58136.652
58137.152
58137.652
58138.152
58138.652
58139.152
58139.652
58140.152
58140.652
58141.152
58141.652
58142.152
58142.652
58143.152
58143.652
58144.152
58144.652
58145.152
58145.652
58146.152
58146.652
58147.152
58147.652
58148.152
58148.652
58149.152
58149.652
58150.152
58150.652
58151.152
58151.652
58152.152
58152.652
58153.152
58153.652
58154.152
58154.652
58155.152
58155.652
58156.152
58156.652
58157.152
58157.652
58158.152
58158.652
58159.152
58159.652
58160.152
58160.652
58161.152
58161.652
58162.152
58162.652
58163.152
58163.652
58164.152
58164.652
58165.152
58165.652
58166.152
58166.652
58167.152
58167.652
58168.152
58168.652
58169.152
58169.652
58170.152
58170.652
58171.152
58171.652
58172.152
58172.652
58173.152
58173.652
58174.152
58174.652
58175.152
58175.652
58176.152
58176.652
58177.152
58177.652
58178.152
58178.652
58179.152
58179.652
58180.152
58180.652
58181.152
58181.652
58182.152
58182.652
58183.152
58183.652
58184.152
58184.652
58185.152
58185.652
58186.152
58186.652
58187.152
58187.652
58188.152
58188.652
58189.152
58189.652
58190.152
58190.652
58191.152
58191.652
58192.152
58192.652
58193.152
58193.652
58194.152
58194.652
58195.152
58195.652
58196.152
58196.652
58197.152
58197.652
58198.152
58198.652
58199.152
58199.652
58200.152
58200.652
58201.152
58201.652
58202.152
58202.652
58203.152
58203.652
58204.152
58204.652
58205.152
58205.652
58206.152
58206.652
58207.152
58207.652
58208.152
58208.652
58209.152
58209.652
58210.152
58210.652
58211.152
58211.652
58212.152
58212.652
58213.152
58213.652
58214.152
58214.652
58215.152
58215.652
58216.152
58216.652
58217.152
58217.652
58218.152
58218.652
58219.152
58219.652
58220.152
58220.652
58221.152
58221.652
58222.152
58222.652
58223.152
58223.652
58224.152
58224.652
58225.152
58225.652
58226.152
58226.652
58227.152
58227.652
58228.152
58228.652
58229.152
58229.652
58230.152
58230.652
58231.152
58231.652
58232.152
58232.652
58233.152
58233.652
58234.152
58234.652
58235.152
58235.652
58236.152
58236.652
58237.152
58237.652
58238.152
58238.652
58239.152
58239.652
58240.152
58240.652
58241.152
58241.652
58242.152
58242.652
58243.152
58243.652
58244.152
58244.652
58245.152
58245.652
58246.152
58246.652
58247.152
58247.652
58248.152
58248.652
58249.152
58249.652
58250.152
58250.652
58251.152
58251.652
58252.152
58252.652
58253.152
58253.652
58254.152
58254.652
58255.152
58255.652
58256.152
58256.652
58257.152
58257.652
58258.152
58258.652
58259.152
58259.652
58260.152
58260.652
58261.152
58261.652
58262.152
58262.652
58263.152
58263.652
58264.152
58264.652
58265.152
58265.652
58266.152
58266.652
58267.152
58267.652
58268.152
58268.652
58269.152
58269.652
58270.152
58270.652
58271.152
58271.652
58272.152
58272.652
58273.152
58273.652
58274.152
58274.652
58275.152
58275.652
58276.152
58276.652
58277.152
58277.652
58278.152
58278.652
58279.152
58279.652
58280.152
58280.652
58281.152
58281.652
58282.152
58282.652
58283.152
58283.652
58284.152
58284.652
58285.152
58285.652
58286.152
58286.652
58287.152
58287.652
58288.152
58288.652
58289.152
58289.652
58290.152
58290.652
58291.152
58291.652
58292.152
58292.652
58293.152
58293.652
58294.152
58294.652
58295.152
58295.652
58296.152
58296.652
58297.152
58297.652
58298.152
58298.652
58299.152
58299.652
58300.152
58300.652
58301.152
58301.652
58302.152
58302.652
58303.152
58303.652
58304.152
58304.652
58305.152
58305.652
58306.152
58306.652
58307.152
58307.652
58308.152
58308.652
58309.152
58309.652
58310.152
58310.652
58311.152
58311.652
58312.152
58312.652
58313.152
58313.652
58314.152
58314.652
58315.152
58315.652
58316.152
58316.652
58317.152
58317.652
58318.152
58318.652
58319.152
58319.652
58320.152
58320.652
58321.152
58321.652
58322.152
58322.652
58323.152
58323.652
58324.152
58324.652
58325.152
58325.652
58326.152
58326.652
58327.152
58327.652
58328.152
58328.652
58329.152
58329.652
58330.152
58330.652
58331.152
58331.652
58332.152
58332.652
58333.152
58333.652
58334.152
58334.652
58335.152
58335.652
58336.152
58336.652
58337.152
58337.652
58338.152
58338.652
58339.152
58339.652
58340.152
58340.652
58341.152
58341.652
58342.152
58342.652
58343.152
58343.652
58344.152
58344.652
58345.152
58345.652
58346.152
58346.652
58347.152
58347.652
58348.152
58348.652
58349.152
58349.652
58350.152
58350.652
58351.152
58351.652
58352.152
58352.652
58353.152
58353.652
58354.152
58354.652
58355.152
58355.652
58356.152
58356.652
58357.152
58357.652
58358.152
58358.652
58359.152
58359.652
58360.152
58360.652
58361.152
58361.652
58362.152
58362.652
58363.152
58363.652
58364.152
58364.652
58365.152
58365.652
58366.152
58366.652
58367.152
58367.652
58368.152
58368.652
58369.152
58369.652
58370.152
58370.652
58371.152
58371.652
58372.152
58372.652
58373.152
58373.652
58374.152
58374.652
58375.152
58375.652
58376.152
58376.652
58377.152
58377.652
58378.152
58378.652
58379.152
58379.652
58380.152
58380.652
58381.152
58381.652
58382.152
58382.652
58383.152
58383.652
58384.152
58384.652
58385.152
58385.652
58386.152
58386.652
58387.152
58387.652
58388.152
58388.652
58389.152
58389.652
58390.152
58390.652
58391.152
58391.652
58392.152
58392.652
58393.152
58393.652
58394.152
58394.652
58395.152
58395.652
58396.152
58396.652
58397.152
58397.652
58398.152
58398.652
58399.152
58399.652
58400.152
58400.652
58401.152
58401.652
58402.152
58402.652
58403.152
58403.652
58404.152
58404.652
58405.152
58405.652
58406.152
58406.652
58407.152
58407.652
58408.152
58408.652
58409.152
58409.652
58410.152
58410.652
58411.152
58411.652
58412.152
58412.652
58413.152
58413.652
58414.152
58414.652
58415.152
58415.652
58416.152
58416.652
58417.152
58417.652
58418.152
58418.652
58419.152
58419.652
58420.152
58420.652
58421.152
58421.652
58422.152
58422.652
58423.152
58423.652
58424.152
58424.652
58425.152
58425.652
58426.152
58426.652
58427.152
58427.652
58428.152
58428.652
58429.152
58429.652
58430.152
58430.652
58431.152
58431.652
58432.152
58432.652
58433.152
58433.652
58434.152
58434.652
58435.152
58435.652
58436.152
58436.652
58437.152
58437.652
58438.152
58438.652
58439.152
58439.652
58440.152
58440.652
58441.152
58441.652
58442.152
58442.652
58443.152
58443.652
58444.152
58444.652
58445.152
58445.652
58446.152
58446.652
58447.152
58447.652
58448.152
58448.652
58449.152
58449.652
58450.152
58450.652
58451.152
58451.652
58452.152
58452.652
58453.152
58453.652
58454.152
58454.652
58455.152
58455.652
58456.152
58456.652
58457.152
58457.652
58458.152
58458.652
58459.152
58459.652
58460.152
58460.652
58461.152
58461.652
58462.152
58462.652
58463.152
58463.652
58464.152
58464.652
58465.152
58465.652
58466.152
58466.652
58467.152
58467.652
58468.152
58468.652
58469.152
58469.652
58470.152
58470.652
58471.152
58471.652
58472.152
58472.652
58473.152
58473.652
58474.152
58474.652
58475.152
58475.652
58476.152
58476.652
58477.152
58477.652
58478.152
58478.652
58479.152
58479.652
58480.152
58480.652
58481.152
58481.652
58482.152
58482.652
