290.666666666667027
290.666666666667027
290.666666666667027
290.666666666667027
290.666666666667027
290.666666666667027
290.666666666667027
290.666666666667027
290.666666666667027
290.666666666667027
290.666666666667027
290.666666666667027
290.666666666667027
290.666666666667027
290.666666666667027
290.666666666667027
290.666666666667027
290.666666666667027
290.551093522100018
-1.350762600000000
98.298543899999999
173.939609999999988
246.126399999999990
336.665346414389091
59.075911599999998
130.157647800000007
204.865034400000013
287.828506613985383
16.337997500000000
270.354482299999972
270.354382429603902
186.779442999999986
260.388006399999995
260.388006399999995
351.658812399999988
72.797116599999995
160.682476199999996
233.617572999999993
133.709968900000007
202.549615200000005
202.549615200000005
130.161016999999987
130.161016999999987
347.259026500000004
347.259026500000004
68.298007400000003
