110.000000000000000
110.000000000000000
110.000000000000000
110.000000000000000
110.000000000000000
110.000000000000000
110.000000000000000
110.000000000000000
110.000000000000000
110.000000000000000
110.000000000000000
110.000000000000000
110.000000000000000
110.000000000000000
110.000000000000000
110.000000000000000
110.000000000000000
110.000000000000000
0.000000000000000
0.000000000000000
0.000000000000000
0.000000000000000
0.000000000000000
0.000000000000000
0.000000000000000
0.000000000000000
0.000000000000000
0.000000000000000
0.000000000000000
0.000000000000000
0.000000000000000
0.000000000000000
0.000000000000000
0.000000000000000
0.000000000000000
0.000000000000000
0.000000000000000
0.000000000000000
0.000000000000000
0.000000000000000
0.000000000000000
0.000000000000000
0.000000000000000
0.000000000000000
0.000000000000000
0.000000000000000
