54818.000000000000000
54908.000000000000000
54998.000000000000000
55091.440000000002328
55182.432000000000698
55275.000000000000000
55371.000000000000000
55462.000000000000000
55566.000000000000000
55638.000000000000000
55739.000000000000000
55833.000000000000000
55931.000000000000000
56015.000000000000000
56105.599999999998545
56204.199999999997090
56304.199999999997090
56390.708333330003370
56481.000000000000000
56627.000000000000000
56724.000000000000000
56805.000000000000000
56890.000000000000000
56974.000000000000000
57057.000000000000000
57137.000000000000000
57216.000000000000000
57298.000000000000000
57386.000000000000000
57485.000000000000000
57528.000000000000000
57575.000000000000000
57655.000000000000000
57680.000000000000000
57734.000000000000000
57818.000000000000000
57902.000000000000000
57986.000000000000000
58085.000000000000000
58176.000000000000000
58247.000000000000000
58249.000000000000000
58332.000000000000000
58335.000000000000000
58403.000000000000000
58405.000000000000000
