0.000000000000000
0.000000000000000
0.000000000000000
0.000000000000000
0.000000000000000
0.000000000000000
0.000000000000000
0.000000000000000
0.000000000000000
0.000000000000000
0.000000000000000
0.000000000000000
0.000000000000000
0.000000000000000
0.000000000000000
0.000000000000000
0.000000000000000
0.000000000000000
-171.856230420200006
-156.444068299999998
177.475472999999994
157.641206000000011
171.228399999999993
-158.494818065984788
-167.699279300000001
166.059129700000000
159.635600000000011
-172.780375300000003
-157.353876100000008
0.467341700000000
0.467341700000000
157.628050000000002
176.743707499999999
176.423707500000006
-156.880841900000007
-172.799575800000014
158.757346399999989
166.778077800000005
-15.060595899999999
-20.787092500000000
-20.787092500000000
165.897738800000013
165.897738800000013
22.881833499999999
22.881833499999999
8.990600499999999
