44.500000000000000
44.500000000000000
44.500000000000000
44.500000000000000
44.500000000000000
44.500000000000000
44.500000000000000
44.500000000000000
44.500000000000000
44.500000000000000
44.500000000000000
44.500000000000000
44.500000000000000
44.500000000000000
44.500000000000000
44.500000000000000
44.500000000000000
44.500000000000000
-21.774638179600000
-2.152389000000000
21.590416699999999
1.417298900000000
-22.447299999999998
-11.096663792177043
18.660579400000000
16.829613999999999
-11.295358500000001
-23.360018153291808
5.262345900000000
-21.779809799999999
-21.780469984469125
-4.027157200000000
-23.975957800000000
-23.975957800000000
-5.102332800000000
20.787075900000001
6.850931600000000
-20.079239699999999
18.525393099999999
-7.721075900000000
-7.721075900000000
16.827862900000000
16.827862900000000
-4.202702900000000
-4.202702900000000
22.761768799999999
